   St.     E_TM         N_TM       Y_GK     X_GK
    1   596934.424   186755.322   596567   187238
    2   590286.530   185342.073   589919   185825
    3   594833.776   180291.320   594466   180774
    4   599381.899   175241.503   599014   175724
    5   603930.133   170190.507   603562   170673
    6   583638.498   183928.853   583271   184412
    7   588186.791   178878.095   587819   179361
    8   592734.041   173828.165   592366   174311
    9   597282.168   168777.261   596914   169260
   10   601829.383   163727.446   601461   164210
   11   606377.483   158676.527   606009   159159
   12   610924.772   153626.539   610556   154109
   13   604277.712   152213.388   603909   152696
   14   599729.584   157263.359   599361   157746
   15   595182.408   162314.216   594814   162797
   16   590634.275   167364.083   590266   167847
   17   586087.035   172414.979   585719   172898
   18   581538.777   177464.858   581171   177948
   19   579439.014   171001.745   579071   171485
   20   583987.176   165950.791   583619   166434
   21   588534.433   160900.902   588166   161384
   22   593082.508   155850.090   592714   156333
   23   597629.668   150800.232   597261   151283
   24   595529.913   144336.128   595161   144819
   25   590981.666   149386.994   590613   149870
   26   586434.637   154436.830   586066   154920
   27   581886.468   159487.699   581518   159971
   28   577339.244   164537.591   576971   165021
   29   572790.936   169588.466   572423   170072
   30   566143.882   168175.145   565776   168659
   31   570691.192   163124.322   570323   163608
   32   575239.493   158074.468   574871   158558
   33   579786.645   153023.654   579418   153507
   34   584334.810   147973.706   583966   148457
   35   588881.974   142922.833   588513   143406
   36   582234.985   141509.575   581866   141993
   37   577686.793   146560.533   577318   147044
   38   573139.666   151610.540   572771   152094
   39   568591.442   156661.244   568223   157145
   40   564044.110   161711.055   563676   162195
   41   559495.954   166761.934   559128   167246
   42   552848.119   165348.552   552480   165833
   43   557396.239   160297.787   557028   160782
   44   561943.383   155247.999   561575   155732
   45   566491.610   150197.084   566123   150681
   46   571038.845   145147.216   570670   145631
   47   575587.018   140096.340   575218   140580
   48   573487.073   133633.170   573118   134117
   49   568938.983   138683.119   568570   139167
   50   564391.813   143733.984   564023   144218
   51   559843.599   148783.810   559475   149268
   52   555296.437   153834.678   554928   154319
   53   550748.323   158884.555   550380   159369
   54   546201.255   163935.383   545833   164420
   55   539553.257   162522.038   539185   163007
   56   544101.445   157471.296   543733   157956
   57   548648.490   152421.450   548280   152906
   58   553196.575   147370.508   552828   147855
   59   557743.833   142320.666   557375   142805
   60   562292.071   137269.906   561923   137754
   61   566839.109   132219.967   566470   132704
   62   560192.287   130806.813   559823   131291
   63   555644.142   135856.662   555275   136341
   64   551095.882   140907.440   550727   141392
   65   546548.678   145957.321   546180   146442
   66   542000.565   151008.247   541632   151493
   67   537453.558   156057.822   537085   156543
   68   532905.344   161108.806   532537   161594
   69   526258.244   159695.680   525890   160181
   70   530805.500   154644.746   530437   155130
   71   535353.552   149594.950   534985   150080
   72   539900.620   144544.147   539532   145029
   73   544449.031   139494.116   544080   139979
   74   548996.177   134443.400   548627   134928
   75   553544.478   129393.560   553175   129878
   76   558091.588   124342.887   557722   124827
   77   551444.625   122929.645   551075   123414
   78   546896.422   127980.441   546527   128465
   79   542349.233   133030.219   541980   133515
   80   537801.109   138081.127   537432   138566
   81   533254.005   143131.074   532885   143616
   82   528705.796   148181.846   528337   148667
   83   524158.457   153231.755   523790   153717
   84   519610.368   158282.540   519242   158768
   85   515063.352   163332.271   514695   163818
   86   508415.602   161919.080   508047   162405
   87   512962.616   156869.348   512594   157355
   88   517510.699   151818.393   517142   152304
   89   522057.937   146768.739   521689   147254
   90   526606.063   141717.840   526237   142203
   91   531153.195   136668.056   530784   137153
   92   535701.346   131617.112   535332   132102
   93   540249.425   126567.221   539880   127052
   94   544796.639   121516.478   544427   122001
   95   549344.812   116466.539   548975   116951
   96   547243.945   110002.564   546874   110487
   97   542696.768   115053.311   542327   115538
   98   538148.736   120103.271   537779   120588
   99   533601.577   125154.036   533232   125639
  100   529053.495   130203.881   528684   130689
  101   524506.345   135254.690   524137   135740
  102   519958.163   140304.561   519589   140790
  103   515411.101   145355.359   515042   145841
  104   510862.946   150405.188   510494   150891
  105   506315.842   155456.010   505947   155942
  106   501767.728   160505.772   501399   160992
  107   495120.860   159092.594   494752   159579
  108   499668.071   154042.786   499299   154529
  109   504216.101   148992.033   503847   149478
  110   508763.189   143942.175   508394   144428
  111   513311.361   138891.393   512942   139377
  112   517858.487   133841.641   517489   134327
  113   522406.642   128790.734   522037   129276
  114   526953.687   123740.890   526584   124226
  115   531501.761   118690.144   531132   119175
  116   536048.935   113639.286   535679   114124
  117   540597.091   108589.456   540227   109074
  118   545144.190   103538.581   544774   104023
  119   549692.358    98488.585   549322    98973
  120   547592.519    92024.563   547222    92509
  121   543044.429    97075.475   542674    97560
  122   538497.283   102125.390   538127   102610
  123   533949.132   107176.364   533579   107661
  124   529402.040   112226.054   529032   112711
  125   524853.833   117276.935   524484   117762
  126   520306.835   122327.652   519937   122813
  127   515758.654   127377.647   515389   127863
  128   511210.533   132428.491   510841   132914
  129   506663.468   137478.253   506294   137964
  130   502115.499   142529.015   501746   143015
  131   497568.387   147578.800   497199   148065
  132   493020.199   152629.658   492651   153116
  133   490920.504   146165.623   490551   146652
  134   495468.608   141115.848   495099   141602
  135   500015.831   136065.227   499646   136551
  136   504563.693   131015.428   504194   131501
  137   509110.767   125964.505   508741   126450
  138   513658.890   120914.697   513289   121400
  139   518205.934   115863.840   517836   116349
  140   522754.032   110813.105   522384   111298
  141   527301.141   105763.234   526931   106248
  142   531849.272   100712.268   531479   101197
  143   536397.409    95662.294   536027    96147
  144   540944.504    90611.393   540574    91096
  145   545492.555    85561.488   545122    86046
  146   550039.754    80510.614   549669    80995
  147   543391.769    79097.422   543021    79582
  148   538844.603    84148.365   538474    84633
  149   534296.540    89198.263   533926    89683
  150   529749.401    94249.229   529379    94734
  151   525201.299    99299.142   524831    99784
  152   520654.157   104350.086   520284   104835
  153   516106.050   109399.857   515736   109885
  154   511558.981   114450.729   511189   114936
  155   507010.953   119501.516   506641   119987
  156   502463.830   124551.337   502094   125037
  157   497915.821   129602.222   497546   130088
  158   493368.832   134652.044   492999   135138
  159   488820.805   139702.673   488451   140189
  160   484273.636   144752.461   483904   145239
  161   477625.673   143339.385   477256   143826
  162   482172.802   138289.520   481803   138776
  163   486720.876   133238.750   486351   133725
  164   491268.860   128189.027   490899   128675
  165   495815.957   123138.292   495446   123624
  166   500363.981   118088.365   499994   118574
  167   504911.097   113037.516   504541   113523
  168   509459.199   107986.664   509089   108472
  169   514006.268   102936.861   513636   103422
  170   518554.495    97886.005   518184    98371
  171   523101.471    92836.154   522731    93321
  172   527649.581    87785.176   527279    88270
  173   532196.629    82735.290   531826    83220
  174   536744.795    77684.317   536374    78169
  175   530096.823    76271.167   529726    76756
  176   525549.715    81322.170   525179    81807
  177   521001.651    86372.112   520631    86857
  178   516454.611    91423.023   516084    91908
  179   511906.498    96472.896   511536    96958
  180   507358.347   101523.737   506988   102009
  181   502811.274   106573.530   502441   107059
  182   498263.144   111624.398   497893   112110
  183   493716.115   116675.215   493346   117161
  184   489168.025   121724.986   488798   122211
  185   484621.065   126775.765   484251   127262
  186   480073.017   131825.667   479703   132312
  187   475525.886   136876.441   475156   137363
  188   470977.852   141926.253   470608   142413
  189   464331.022   140513.142   463961   141000
  190   468878.101   135463.247   468508   135950
  191   473426.136   130412.457   473056   130899
  192   477973.181   125362.607   477603   125849
  193   482521.218   120311.765   482151   120798
  194   487068.293   115262.010   486698   115748
  195   491616.287   110211.209   491246   110697
  196   496163.412   105160.244   495793   105646
  197   500711.506   100110.501   500341   100596
  198   505258.601    95059.718   504888    95545
  199   509806.702    90009.858   509436    90495
  200   514353.782    84959.005   513983    85444
  201   518901.827    79909.088   518531    80394
  202   523448.894    74858.019   523078    75343
  203   527997.063    69808.207   527626    70293
  204   525897.382    63344.089   525526    63829
  205   521349.237    68395.114   520978    68880
  206   516802.138    73445.031   516431    73930
  207   512254.028    78495.982   511883    78981
  208   507706.936    83545.848   507336    84031
  209   503158.818    88596.770   502788    89082
  210   498611.699    93646.560   498241    94132
  211   494063.635    98697.362   493693    99183
  212   489516.619   103747.116   489146   104233
  213   484968.467   108798.052   484598   109284
  214   480421.443   113848.778   480051   114335
  215   475873.350   118898.658   475503   119385
  216   471326.304   123949.396   470956   124436
  217   466778.206   128999.273   466408   129486
  218   462230.120   134050.190   461860   134537
  219   457683.121   139100.019   457313   139587
  220   451035.205   137686.852   450665   138174
  221   455583.189   132637.098   455213   133124
  222   460130.224   127586.195   459760   128073
  223   464678.318   122536.313   464308   123023
  224   469225.414   117485.489   468855   117972
  225   473773.502   112435.590   473403   112922
  226   478320.675   107384.875   477950   107871
  227   482868.753   102334.012   482498   102820
  228   487415.813    97284.236   487045    97770
  229   491963.841    92233.445   491593    92719
  230   496511.953    87183.579   496141    87669
  231   501059.053    82132.737   500688    82618
  232   505607.061    77082.825   505236    77568
  233   510154.256    72031.911   509783    72517
  234   514702.357    66981.957   514331    67467
  235   519249.371    61930.946   518878    62416
  236   523797.471    56880.948   523426    57366
  237   521697.483    50416.980   521326    50902
  238   517149.539    55467.892   516778    55953
  239   512602.541    60517.895   512231    61003
  240   508054.451    65568.794   507683    66054
  241   503506.333    70618.784   503135    71104
  242   498959.213    75669.716   498588    76155
  243   494411.119    80719.629   494040    81205
  244   489864.031    85770.466   489493    86256
  245   485315.954    90820.276   484945    91306
  246   480768.951    95871.020   480398    96357
  247   476220.897   100920.839   475850   101407
  248   471673.777   105971.691   471303   106458
  249   467125.642   111022.504   466755   111509
  250   462578.587   116072.398   462208   116559
  251   458030.444   121123.217   457660   121610
  252   453483.347   126173.008   453113   126660
  253   448935.372   131223.825   448565   131711
  254   444388.253   136273.636   444018   136761
  255   439840.181   141324.427   439470   141812
  256   428645.351   144961.078   428275   145449
  257   433192.324   139911.234   432822   140399
  258   437740.467   134860.462   437370   135348
  259   442287.437   129810.697   441917   130298
  260   446835.546   124759.835   446465   125247
  261   451383.605   119710.041   451013   120197
  262   455930.696   114659.213   455560   115146
  263   460478.732   109609.408   460108   110096
  264   465025.850   104558.553   464655   105045
  265   469573.993    99507.747   469203    99994
  266   474121.075    94457.927   473750    94944
  267   478669.121    89407.087   478298    89893
  268   483216.186    84357.291   482845    84843
  269   487764.231    79306.491   487393    79792
  270   492311.337    74256.660   491940    74742
  271   496859.415    69205.706   496488    69691
  272   501406.562    64155.572   501035    64641
  273   505954.651    59104.663   505583    59590
  274   510501.643    54054.767   510130    54540
  275   515049.655    49003.878   514678    49489
  276   519596.652    43952.918   519225    44438
  277   524144.671    38902.994   523773    39388
  278   517496.686    37489.982   517125    37975
  279   512949.728    42539.913   512578    43025
  280   508401.724    47590.740   508030    48076
  281   503854.791    52641.484   503483    53127
  282   499306.802    57691.425   498935    58177
  283   494759.629    62742.486   494388    63228
  284   490211.523    67792.633   489840    68278
  285   485664.465    72843.506   485293    73329
  286   481116.330    77893.362   480745    78379
  287   476569.355    82944.153   476198    83430
  288   472021.257    87993.958   471650    88480
  289   467474.247    93044.789   467103    93531
  290   462926.045    98094.591   462555    98581
  291   458377.899   103145.412   458007   103632
  292   453830.789   108196.296   453460   108683
  293   449282.788   113246.092   448912   113733
  294   444735.736   118296.953   444365   118784
  295   440187.717   123346.718   439817   123834
  296   435640.732   128397.557   435270   128885
  297   431092.738   133447.302   430722   133935
  298   426545.542   138498.117   426175   138986
  299   421997.651   143548.093   421627   144036
  300   417450.624   148598.752   417080   149087
  301   410802.873   147185.738   410432   147674
  302   415350.909   142134.937   414980   142623
  303   419897.933   137084.942   419527   137573
  304   424445.908   132034.219   424075   132522
  305   428992.944   126984.353   428622   127472
  306   433540.948   121933.583   433170   122421
  307   438087.870   116883.838   437717   117371
  308   442635.960   111833.075   442265   112320
  309   447182.924   106783.129   446812   107270
  310   451730.900   101732.264   451360   102219
  311   456278.055    96681.494   455907    97168
  312   460826.135    91631.623   460455    92118
  313   465373.232    86580.722   465002    87067
  314   469921.327    81530.973   469550    82017
  315   474468.412    76480.169   474097    76966
  316   479016.589    71430.271   478645    71916
  317   483563.641    66379.378   483192    66865
  318   488111.698    61329.288   487740    61815
  319   492659.804    56278.207   492288    56764
  320   497206.811    51228.443   496835    51714
  321   501754.843    46177.517   501383    46663
  322   506301.781    41126.751   505930    41612
  323   495106.947    44764.541   494735    45250
  324   490558.981    49815.401   490187    50301
  325   486011.862    54865.131   485640    55351
  326   481463.827    59916.355   481092    60402
  327   476916.714    64966.251   476545    65452
  328   472368.638    70017.193   471997    70503
  329   467821.488    75067.059   467450    75553
  330   463273.346    80117.840   462902    80604
  331   458726.282    85167.665   458355    85654
  332   454178.248    90218.521   453807    90705
  333   449631.127    95268.370   449260    95755
  334   445083.022   100319.207   444712   100806
  335   440536.057   105370.080   440165   105857
  336   435988.018   110419.908   435617   110907
  337   431440.933   115470.724   431070   115958
  338   426893.045   120520.418   426522   121008
  339   422345.066   125571.321   421974   126059
  340   417798.155   130621.104   417427   131109
  341   413250.131   135671.981   412879   136160
  342   408703.120   140721.817   408332   141210
  343   404155.157   145772.666   403784   146261
  344   402055.304   139308.687   401684   139797
  345   406603.299   134258.927   406232   134747
  346   411150.326   129208.011   410779   129696
  347   415698.296   124158.215   415327   124646
  348   420245.300   119107.362   419874   119595
  349   424793.257   114057.567   424422   114545
  350   429340.181   109006.822   428969   109494
  351   433888.235   103957.001   433517   104444
  352   438435.285    98906.185   438064    99393
  353   442983.273    93855.269   442612    94342
  354   447531.335    88805.358   447160    89292
  355   452078.371    83754.542   451707    84241
  356   456626.474    78704.724   456255    79191
  357   461173.471    73653.966   460802    74140
  358   465721.575    68604.077   465350    69090
  359   470268.641    63553.103   469897    64039
  360   474816.704    58503.119   474445    58989
  361   479363.934    53452.331   478992    53938
  362   483912.154    48402.318   483540    48888
  363   488459.123    43351.510   488087    43837
  364   472716.815    52039.246   472345    52525
  365   468168.725    57090.065   467797    57576
  366   463620.676    62140.108   463249    62626
  367   459073.646    67191.056   458702    67677
  368   454525.595    72240.923   454154    72727
  369   449978.559    77291.693   449607    77778
  370   445430.493    82341.465   445059    82828
  371   440883.492    87392.216   440512    87879
  372   436335.395    92442.192   435964    92929
  373   431788.359    97493.095   431417    97980
  374   427240.349   102543.909   426869   103031
  375   422693.428   107593.692   422322   108081
  376   418145.409   112644.610   417774   113132
  377   413598.490   117694.375   413227   118182
  378   409050.522   122745.124   408679   123233
  379   404503.392   127794.900   404132   128283
  380   399955.392   132845.779   399584   133334
  381   395408.475   137895.475   395037   138384
  382   388760.522   136482.437   388389   136971
  383   393307.577   131432.561   392936   131921
  384   397855.525   126381.770   397484   126870
  385   402402.488   121332.056   402031   121820
  386   406950.606   116281.166   406579   116769
  387   411498.488   111231.505   411127   111719
  388   416045.660   106180.637   415674   106668
  389   420593.651   101130.769   420222   101618
  390   425140.498    96079.983   424769    96567
  391   429688.496    91029.063   429317    91516
  392   434235.562    85979.254   433864    86466
  393   438783.603    80928.397   438412    81415
  394   443330.586    75878.655   442959    76365
  395   447878.634    70827.826   447507    71314
  396   452425.704    65777.914   452054    66264
  397   456973.805    60727.065   456602    61213
  398   461520.794    55677.108   461149    56163
  399   466068.760    50626.114   465697    51112
  400   459420.819    49213.142   459049    49699
  401   454873.785    54264.058   454502    54750
  402   450325.746    59313.958   449954    59800
  403   445778.692    64364.871   445407    64851
  404   441230.691    69414.701   440859    69901
  405   436683.715    74465.523   436312    74952
  406   432135.754    79515.380   431764    80002
  407   427588.804    84566.285   427217    85053
  408   423040.608    89616.087   422669    90103
  409   418492.762    94666.915   418121    95154
  410   413945.771    99717.673   413574   100205
  411   409397.671   104767.548   409026   105255
  412   404850.553   109818.477   404479   110306
  413   400302.584   114868.098   399931   115356
  414   395755.575   119918.864   395384   120407
  415   391207.600   124968.657   390836   125457
  416   386660.541   130019.580   386289   130508
  417   384560.690   123555.627   384189   124044
  418   389107.727   118505.731   388736   118994
  419   393655.720   113454.973   393284   113943
  420   398202.670   108405.276   397831   108893
  421   402750.735   103354.548   402379   103842
  422   407297.872    98304.718   406926    98792
  423   411845.953    93253.937   411474    93741
  424   416392.920    88203.115   416021    88690
  425   420940.942    83153.257   420569    83640
  426   425487.938    78102.409   425116    78589
  427   430035.942    73052.524   429664    73539
  428   434582.839    68001.623   434211    68488
  429   439130.867    62951.808   438759    63438
  430   443678.863    57900.862   443307    58387
  431   448225.858    52850.885   447854    53337
  432   452773.849    47800.105   452402    48286
  433   446126.031    46387.054   445754    46873
  434   441577.964    51437.832   441206    51924
  435   437030.986    56487.794   436659    56974
  436   432483.084    61538.693   432111    62025
  437   427936.168    66588.579   427564    67075
  438   423388.143    71639.561   423016    72126
  439   418841.081    76689.335   418469    77176
  440   414293.090    81740.130   413921    82227
  441   409746.085    86789.959   409374    87277
  442   405198.053    91840.856   404826    92328
  443   400650.889    96890.629   400279    97378
  444   396102.844   101941.476   395731   102429
  445   391555.902   106992.131   391184   107480
  446   389455.057   100528.471   389083   101016
  447   394003.030    95477.571   393631    95965
  448   398550.042    90427.622   398178    90915
  449   403098.182    85376.801   402726    85864
  450   407646.236    80326.971   407274    80814
  451   412193.177    75276.189   411821    75763
  452   416741.196    70226.398   416369    70713
  453   421288.234    65175.526   420916    65662
  454   425836.268    60125.652   425464    60612
  455   430383.178    55074.723   430011    55561
  456   434931.113    50024.781   434559    50511
  457   439478.142    44973.888   439106    45460
  458   432831.315    43560.795   432459    44047
  459   428283.316    48611.726   427911    49098
  460   423736.336    53661.603   423364    54148
  461   419188.308    58712.527   418816    59199
  462   414640.325    63762.409   414268    64249
  463   410093.318    68813.245   409721    69300
  464   405545.389    73863.074   405173    74350
  465   400998.386    78913.857   400626    79401
  466   396450.371    83963.830   396078    84451
  467   412540.396    57299.452   412168    57786
  468   417088.412    52248.573   416716    52735
  469   421635.432    47198.658   421263    47685
  470   426183.440    42147.731   425811    42634
  471   419535.532    40734.668   419163    41221
  472   414988.530    45785.560   414616    46272
  473   410440.484    50835.445   410068    51322
  474   408340.643    44372.422   407968    44859
  475   412888.604    39321.523   412516    39808
  476   406240.710    37908.507   405868    38395
  477   401692.720    42959.384   401320    43446
  478   395045.836    41546.299   394673    42033
  479   399592.869    36495.370   399220    36982
   A1   599034.135   193219.395   598667   193702
   A2   603581.300   188168.694   603214   188651
   A3   601481.667   181704.595   601114   182187
   A4   606029.993   176654.711   605662   177137
   A5   610577.295   171603.830   610209   172086
   A6   608477.434   165140.665   608109   165623
   A7   613025.668   160089.699   612657   160572
   A8   617572.892   155039.784   617204   155522
   A9   622121.094   149988.819   621752   150471
  A10   615473.008   148575.611   615104   149058
  A11   608824.955   147162.481   608456   147645
  A12   602177.941   145749.444   601809   146232
  A13   600078.298   139286.290   599709   139769
  A14   593430.257   137872.948   593061   138356
  A15   586782.204   136459.691   586413   136943
  A16   580135.148   135046.397   579766   135530
  A17   578034.214   128582.197   577665   129066
  A18   571387.178   127169.052   571018   127653
  A19   564739.272   125755.940   564370   126240
  A20   562639.657   119293.046   562270   119777
  A21   555991.833   117879.754   555622   118364
  A22   553891.968   111415.665   553522   111900
  A23   551792.210   104951.584   551422   105436
  A24   556340.234    99901.690   555970   100386
  A25   554239.456    93437.781   553869    93922
  A26   552139.624    86974.693   551769    87459
  A27   556687.774    81923.800   556317    82408
  A28   554587.926    75460.707   554217    75945
  A29   547939.935    74047.486   547569    74532
  A30   541291.916    72634.362   540921    73119
  A31   534644.985    71221.204   534274    71706
  A32   532545.232    64757.229   532174    65242
  A33   530444.511    58294.071   530073    58779
  A34   528344.482    51830.020   527973    52315
  A35   526244.630    45366.059   525873    45851
  A36   530792.682    40316.059   530421    40801
  A37   528692.702    33852.044   528321    34337
  A38   522044.681    32439.034   521673    32924
  A39   515396.725    31026.062   515025    31511
  A40   510849.767    36076.952   510478    36562
  A41   504201.953    34663.874   503830    35149
  A42   499653.979    39713.641   499282    40199
  A43   493007.125    38300.570   492635    38786
  A44   486359.222    36887.571   485987    37373
  A45   481812.276    41938.461   481440    42424
  A46   477264.038    46989.246   476892    47475
  A47   470615.986    45576.040   470244    46062
  A48   463968.955    44163.307   463597    44649
  A49   457321.020    42750.175   456949    43236
  A50   450673.075    41337.075   450301    41823
  A51   444026.231    39923.946   443654    40410
  A52   437378.326    38510.862   437006    38997
  A53   430730.403    37097.840   430358    37584
  A54   424083.529    35683.757   423711    36170
  A55   417435.612    34270.641   417063    34757
  A56   410787.706    32857.548   410415    33344
  A57   404140.821    31444.531   403768    31931
  A58   397492.957    30031.431   397120    30518
  A59   392945.921    35082.308   392573    35569
  A60   388397.916    40133.230   388025    40620
  A61   390497.849    46596.171   390125    47083
  A62   397145.717    48009.191   396773    48496
  A63   403793.593    49422.293   403421    49909
  A64   405893.485    55886.324   405521    56373
  A65   407993.452    62349.318   407621    62836
  A66   403445.549    67400.192   403073    67887
  A67   398898.585    72449.958   398526    72937
  A68   394350.557    77500.751   393978    77988
  A69   389803.443    82550.651   389431    83038
  A70   391903.263    89014.576   391531    89502
  A71   387355.234    94064.495   386983    94552
  A72   382808.210    99115.311   382436    99603
  A73   384908.147   105579.176   384536   106067
  A74   387007.983   112041.950   386636   112530
  A75   382459.752   117092.743   382088   117581
  A76   377913.019   122142.667   377541   122631
  A77   380012.777   128606.441   379641   129095
  A78   382112.525   135069.464   381741   135558
  A79   384212.581   141533.437   383841   142022
  A80   390860.566   142946.414   390489   143435
  A81   397508.380   144359.452   397137   144848
  A82   399608.126   150822.373   399237   151311
  A83   406254.917   152235.480   405884   152724
  A84   412902.704   153648.576   412532   154137
  A85   419550.455   155061.657   419180   155550
  A86   424097.418   150011.833   423727   150500
  A87   430745.184   151424.921   430375   151913
  A88   435293.172   146374.151   434923   146862
  A89   441939.921   147787.457   441570   148275
  A90   446488.075   142737.686   446118   143225
  A91   453135.033   144150.877   452765   144638
  A92   459782.954   145563.982   459413   146051
  A93   466430.821   146977.072   466061   147464
  A94   473077.663   148390.193   472708   148877
  A95   479725.484   149803.323   479356   150290
  A96   486373.307   151216.485   486004   151703
  A97   488473.027   157679.386   488104   158166
  A98   490572.730   164143.344   490204   164630
  A99   497220.557   165556.602   496852   166043
 A100   503867.579   166969.859   503499   167456
 A101   510515.397   168382.988   510147   168869
 A102   517163.080   169796.173   516795   170282
 A103   521710.125   164745.504   521342   165231
 A104   528358.049   166158.796   527990   166644
 A105   535005.068   167572.032   534637   168057
 A106   541653.078   168985.146   541285   169470
 A107   548300.947   170398.315   547933   170883
 A108   554947.854   171811.634   554580   172296
 A109   561595.687   173224.953   561228   173709
 A110   568243.675   174638.289   567876   175122
 A111   574890.765   176051.600   574523   176535
 A112   576991.550   182515.629   576624   182999
 A113   579091.285   188979.659   578724   189463
 A114   585738.292   190392.901   585371   190876
 A115   592386.256   191806.136   592019   192289
   B1   596290.874   200404.283   595924   200887
   B2   603994.842   199064.579   603628   199547
   B3   609228.092   193252.885   608861   193735
   B4   610660.632   183655.944   610293   184138
   B5   616224.084   176689.109   615856   177171
   B6   617656.487   167091.959   617288   167574
   B7   623219.792   160124.022   622851   160606
   B8   630154.104   152423.095   629785   152905
   B9   627189.227   143297.939   626820   143780
  B10   617053.196   141143.676   616684   141626
  B11   608457.215   138776.462   608088   139259
  B12   603784.504   132305.341   603415   132788
  B13   595010.527   130439.949   594641   130923
  B14   586413.437   128072.509   586044   128556
  B15   579556.482   121137.227   579187   121621
  B16   570922.567   116601.305   570553   117085
  B17   564354.082   108016.999   563984   108501
  B18   564623.307    97210.951   564253    97695
  B19   563159.584    87751.925   562789    88236
  B20   563653.905    77343.925   563283    77828
  B21   558367.123    68495.796   557996    68980
  B22   549520.102    66614.546   549149    67099
  B23   540924.181    64247.440   540553    64732
  B24   537671.432    55946.261   537300    56431
  B25   535423.563    47317.122   535052    47802
  B26   539129.620    41387.160   538758    41872
  B27   536968.665    34736.122   536597    35221
  B28   533522.706    27111.103   533151    27596
  B29   523624.722    25007.071   523253    25492
  B30   513726.838    22903.087   513355    23388
  B31   505782.051    27232.016   505410    27717
  B32   496755.134    30789.839   496383    31275
  B33   487939.290    29455.703   487567    29941
  B34   479909.327    32696.378   479537    33182
  B35   472427.172    37056.229   472055    37542
  B36   462225.064    36024.281   461853    36510
  B37   452253.235    33904.167   451881    34390
  B38   442282.367    31785.050   441910    32271
  B39   432310.500    29664.939   431938    30151
  B40   422339.677    27545.805   421967    28032
  B41   412367.778    25425.695   411995    25912
  B42   404117.909    23672.647   403745    24159
  B43   394070.072    22478.523   393697    22965
  B44   387299.073    29998.310   386926    30485
  B45   380528.056    37518.135   380155    38005
  B46   382765.903    47386.043   382393    47873
  B47   388749.792    54823.067   388377    55310
  B48   395431.662    59285.125   395059    59772
  B49   392648.798    66822.957   392276    67310
  B50   386869.734    73240.671   386497    73728
  B51   381090.631    79658.447   380718    80146
  B52   381090.446    88105.390   380718    88593
  B53   374340.469    97315.189   373968    97803
  B54   376625.285   108269.937   376253   108758
  B55   373070.218   116165.673   372698   116654
  B56   370686.124   124490.392   370314   124979
  B57   372934.868   133118.251   372563   133607
  B58   375833.667   142043.252   375462   142532
  B59   382633.451   148965.297   382262   149454
  B60   391229.281   151332.209   390858   151821
  B61   398027.982   158255.091   397657   158744
  B62   407999.698   160374.256   407629   160863
  B63   416807.407   162246.384   416437   162735
  B64   426997.182   158935.618   426627   159424
  B65   438191.866   155299.104   437822   155787
  B66   449386.798   151661.706   449017   152149
  B67   458202.764   152995.892   457833   153483
  B68   468174.592   155115.952   467805   155603
  B69   477914.233   158322.098   477545   158809
  B70   482974.889   165349.074   482606   165836
  B71   488992.487   171575.240   488624   172062
  B72   498964.304   173695.586   498596   174182
  B73   508935.109   175814.777   508567   176301
  B74   518834.769   177920.134   518467   178406
  B75   526546.783   174678.651   526179   175164
  B76   536749.825   175711.028   536382   176196
  B77   546720.654   177831.227   546353   178316
  B78   556692.421   179950.681   556325   180435
  B79   566432.392   183158.258   566065   183642
  B80   571493.245   190184.434   571126   190668
  B81   577511.060   196411.647   577144   196895
  B82   587481.982   198530.969   587115   199014
   C1   601735.445   211025.543   601369   211508
   C2   615268.782   203954.141   614902   204436
   C3   621217.468   190137.373   620850   190619
   C4   627497.103   178371.493   627129   178853
   C5   631915.598   167499.475   631547   167981
   C6   640831.992   157597.574   640463   158079
   C7   639511.331   144339.378   639142   144821
   C8   632786.618   132836.068   632417   133318
   C9   619753.596   130065.690   619384   130548
  C10   610451.828   122070.361   610082   122553
  C11   597735.903   119367.891   597366   119851
  C12   587660.914   113123.554   587291   113607
  C13   578447.895   107680.490   578078   108164
  C14   576017.213    97494.379   575647    97978
  C15   574654.651    85973.151   574284    86457
  C16   575200.915    74450.157   574830    74934
  C17   569650.145    65157.018   569279    65641
  C18   561904.355    57595.950   561533    58080
  C19   551457.324    57502.695   551086    57987
  C20   547001.506    47413.501   546630    47898
  C21   548888.599    34540.297   548517    35025
  C22   543908.721    22417.305   543537    22902
  C23   530942.887    14911.330   530571    15396
  C24   518984.036    12369.261   518612    12854
  C25   506461.230    13882.176   506089    14367
  C26   495428.324    19062.029   495056    19547
  C27   481552.377    19742.592   481180    20228
  C28   468791.249    25233.173   468419    25719
  C29   454623.387    22756.395   454251    23242
  C30   439666.570    19576.202   439294    20062
  C31   424708.788    16397.000   424336    16883
  C32   409752.031    13217.832   409379    13704
  C33   395415.250    11160.656   395042    11647
  C34   383366.317    17332.405   382993    17819
  C35   374292.272    27410.147   373919    27897
  C36   369413.196    40038.063   369040    40525
  C37   373885.993    54531.932   373513    55019
  C38   383187.796    63262.904   382815    63750
  C39   373279.881    71299.450   372907    71787
  C40   369587.700    83900.151   369215    84388
  C41   362157.816    94725.906   361785    95214
  C42   364711.597   106969.739   364339   107458
  C43   359790.428   121140.318   359418   121629
  C44   361904.983   135992.193   361533   136481
  C45   367702.663   150029.051   367331   150518
  C46   379607.303   159953.948   379236   160443
  C47   389896.965   166240.872   389526   166730
  C48   405629.517   171522.849   405259   172012
  C49   421887.102   172580.122   421517   173069
  C50   436116.708   167956.746   435747   168445
  C51   450346.485   163334.463   449977   163822
  C52   460818.396   165203.646   460449   165691
  C53   470831.101   167989.745   470462   168477
  C54   477788.618   176382.784   477420   176870
  C55   488861.136   183199.036   488493   183686
  C56   501579.795   185903.368   501212   186390
  C57   514893.496   188733.837   514526   189220
  C58   529642.480   186447.707   529275   186933
  C59   544350.230   188979.188   543983   189464
  C60   558817.023   192649.937   558450   193134
  C61   569314.720   204332.431   568948   204816
  C62   585112.547   209679.891   584746   210163
   D1   615110.170   223327.212   614744   223809
   D2   630971.801   210714.784   630605   211196
   D3   639439.583   192303.969   639072   192785
   D4   648757.328   174345.112   648389   174826
   D5   657844.046   155904.251   657475   156385
   D6   656154.613   138932.015   655785   139413
   D7   647546.052   124207.569   647176   124689
   D8   630700.230   114913.932   630330   115396
   D9   614007.420   105348.335   613637   105831
  D10   596358.281    98405.013   595988    98888
  D11   591866.575    83937.869   591496    84421
  D12   589878.100    65681.599   589507    66165
  D13   578731.448    50131.317   578360    50615
  D14   562000.617    40851.965   561629    41336
  D15   562212.986    21981.973   561841    22466
  D16   552474.049     7621.737   552102     8106
  D17   532693.184    -2195.325   532321    -1711
  D18   510671.481    -3846.485   510299    -3362
  D19   491218.580     2152.032   490846     2637
  D20   471091.476     5632.376   470719     6118
  D21   450699.705     4443.377   450327     4929
  D22   428264.007     -324.670   427891      161
  D23   405011.361    -4733.987   404638    -4248
  D24   381595.568     -969.408   381222     -483
  D25   366124.584    10932.327   365751    11419
  D26   355905.507    27562.053   355532    28049
  D27   353077.372    45079.748   352704    45567
  D28   358243.100    61818.513   357870    62306
  D29   352324.159    78840.966   351951    79329
  D30   343932.285    91070.512   343559    91559
  D31   347010.020   105829.400   346637   106318
  D32   343076.769   125037.046   342704   125526
  D33   346832.216   144280.735   346460   144770
  D34   356755.586   163160.499   356384   163650
  D35   373561.041   176294.475   373190   176784
  D36   392322.518   185089.479   391952   185579
  D37   412647.946   189111.572   412278   189601
  D38   430201.481   187854.125   429832   188343
  D39   446939.180   182416.907   446570   182905
  D40   464626.664   187292.364   464258   187780
  D41   479055.867   197239.416   478688   197727
  D42   498024.286   202626.022   497657   203113
  D43   517512.962   205627.985   517146   206114
  D44   534095.739   204561.798   533729   205047
  D45   551977.373   210615.720   551611   211100
  D46   571731.966   223199.611   571366   223683
  D47   592043.925   227393.363   591678   227876
   E1   646933.229   230786.416   646567   231267
   E2   662483.328   203572.796   662116   204053
   E3   677898.520   173224.103   677530   173704
   E4   682145.666   141136.985   681776   141617
   E5   669684.609   111265.320   669314   111746
   E6   643269.779    92560.445   642899    93042
   E7   617199.927    79046.643   616829    79529
   E8   609266.448    48712.308   608895    49195
   E9   587814.946    25844.686   587443    26328
  E10   576095.562    -3236.395   575723    -2753
  E11   550839.883   -21817.796   550467   -21334
  E12   520282.849   -28842.535   519910   -28358
  E13   493323.800   -25334.024   492951   -24849
  E14   466603.845   -20317.384   466231   -19832
  E15   438083.215   -24455.525   437710   -23970
  E16   409788.655   -29928.606   409415   -29443
  E17   381070.981   -26687.907   380697   -26202
  E18   355489.106   -13240.457   355115   -12754
  E19   339425.074     5400.029   339051     5887
  E20   329847.947    28067.530   329474    28555
  E21   328573.814    52642.074   328200    53130
  E22   322787.731    76559.517   322414    77048
  E23   320824.496   105876.888   320451   106366
  E24   318644.050   133723.346   318271   134213
  E25   326414.426   160552.986   326042   161043
  E26   340964.707   183365.709   340593   183856
  E27   362676.869   199513.704   362306   200004
  E28   387344.033   210244.870   386974   210735
  E29   414480.256   214689.328   414111   215179
  E30   438774.654   212032.140   438406   212521
  E31   464502.764   218353.817   464135   218842
  E32   489583.692   226886.582   489217   227374
  E33   512585.026   230815.747   512219   231302
  E34   535875.696   232238.999   535510   232724
  E35   557954.133   244829.043   557589   245313
  E36   586859.007   252508.310   586494   252991
  E37   619563.368   248581.526   619198   249063
   F1   688497.075   235581.718   688131   236061
   F2   708179.454   198549.238   707812   199028
   F3   718720.844   157958.371   718352   158437
   F4   711417.296   111392.879   711047   111872
   F5   678706.348    70519.650   678335    71000
   F6   647218.825    39883.557   646847    40365
   F7   620800.453     4783.909   620428     5266
   F8   597953.197   -34911.620   597580   -34429
   F9   559123.481   -59383.479   558750   -58900
  F10   512626.431   -66636.311   512253   -66152
  F11   465795.473   -59304.006   465422   -58819
  F12   421572.909   -66828.405   421199   -66343
  F13   377729.470   -65021.802   377355   -64536
  F14   339888.982   -48497.304   339514   -48011
  F15   311897.242   -21580.038   311522   -21093
  F16   294415.112    13096.161   294040    13584
  F17   289488.687    50615.459   289114    51104
  F18   283471.281    87974.649   283097    88464
  F19   280668.801   125711.815   280295   126202
  F20   287076.102   163000.058   286703   163491
  F21   303953.110   196868.604   303581   197360
  F22   330680.984   223655.560   330310   224147
  F23   363803.713   241952.881   363434   242444
  F24   400453.476   251371.582   400085   251862
  F25   436199.611   251009.484   435832   251499
  F26   468553.454   259015.545   468187   259504
  F27   500908.049   267023.243   500543   267510
  F28   533262.345   275029.717   532898   275515
  F29   573105.780   288655.391   572742   289139
  F30   615205.891   287848.119   614842   288330
  F31   657845.707   269573.700   657481   270054
   G1   752237.391   238595.812   751872   239074
   G2   773830.424   175298.555   773463   175776
   G3   769378.503   108567.429   769009   109045
   G4   736465.250    50347.489   736094    50826
   G5   690644.640     1631.235   690272     2111
   G6   651455.877   -57622.757   651082   -57142
   G7   597258.134  -103551.891   596884  -103070
   G8   532935.558  -121866.050   532561  -121383
   G9   466182.856  -117766.192   465808  -117282
  G10   399565.536  -123670.127   399190  -123185
  G11   334311.132  -109022.156   333935  -108536
  G12   279594.463   -70566.305   279218   -70079
  G13   245703.314   -18452.549   245327   -17964
  G14   234233.595    42539.337   233858    43029
  G15   225563.003    88643.412   225188    89134
  G16   230076.134   134404.692   229702   134896
  G17   235433.031   188732.779   235060   189225
  G18   263108.486   237623.320   262737   238116
  G19   302781.776   274161.271   302412   274654
  G20   349442.145   297835.871   349074   298328
  G21   401008.620   306258.125   400642   306749
  G22   454694.064   315026.884   454329   315516
  G23   517214.594   329598.053   516851   330085
  G24   587933.384   346079.684   587571   346564
  G25   659180.552   331776.421   658818   332258
  G26   713996.663   293462.418   713633   293942
   H1   839469.692   250946.387   839106   251424
   H2   858600.332   145755.715   858234   146232
   H3   828263.414    36863.731   827894    37340
   H4   758754.206   -52279.430   758382   -51802
   H5   687795.850  -140272.515   687421  -139794
   H6   584774.992  -197094.501   584398  -196614
   H7   467359.142  -204551.136   466981  -204068
   H8   347983.229  -200794.838   347604  -200309
   H9   249905.240  -155487.508   249526  -154999
  H10   178724.188   -74213.997   178346   -73723
  H11   147309.270    26191.153   146933    26684
  H12   137000.652   143592.491   136627   144087
  H13   160112.259   231366.961   159741   231862
  H14   204473.988   301286.180   204105   301781
  H15   287472.384   363447.488   287106   363941
  H16   386596.327   394501.679   386232   394993
  H17   497372.449   414743.495   497010   415232
  H18   604970.907   430935.354   604610   431421
  H19   708763.704   402713.509   708403   403196
  H20   787938.751   338734.258   787577   339214
