   St.   E_TM     N_TM       Y_GK         X_GK
    1   596567   187238   596934.420   186755.317
    2   589919   185825   590286.591   185342.097
    3   594466   180774   594833.813   180291.311
    4   599014   175724   599382.021   175241.354
    5   603562   170673   603930.141   170190.397
    6   583271   184412   583638.585   183928.797
    7   587819   179361   588186.808   178878.048
    8   592366   174311   592734.042   173828.180
    9   596914   169260   597282.215   168777.252
   10   601461   164210   601829.310   163727.426
   11   606009   159159   606377.572   158676.478
   12   610556   154109   610924.789   153626.505
   13   603909   152696   604277.733   152213.354
   14   599361   157746   599729.518   157263.327
   15   594814   162797   595182.400   162314.242
   16   590266   167847   590634.266   167364.069
   17   585719   172898   586087.047   172414.931
   18   581171   177948   581538.809   177464.824
   19   579071   171485   579439.029   171001.747
   20   583619   166434   583987.222   165950.864
   21   588166   161384   588534.461   160900.899
   22   592714   156333   593082.500   155850.092
   23   597261   151283   597629.691   150800.214
   24   595161   144819   595529.913   144336.129
   25   590613   149870   590981.698   149387.010
   26   586066   154920   586434.644   154436.830
   27   581518   159971   581886.468   159487.703
   28   576971   165021   577339.243   164537.592
   29   572423   170072   572790.970   169588.445
   30   565776   168659   566143.890   168175.126
   31   570323   163608   570691.146   163124.341
   32   574871   158558   575239.503   158074.482
   33   579418   153507   579786.646   153023.666
   34   583966   148457   584334.800   147973.702
   35   588513   143406   588881.980   142922.844
   36   581866   141993   582234.988   141509.549
   37   577318   147044   577686.827   146560.480
   38   572771   152094   573139.734   151610.366
   39   568223   157145   568591.471   156661.212
   40   563676   162195   564044.102   161711.043
   41   559128   167246   559495.968   166761.820
   42   552480   165833   552848.127   165348.550
   43   557028   160782   557396.224   160297.789
   44   561575   155732   561943.391   155247.995
   45   566123   150681   566491.622   150197.106
   46   570670   145631   571038.849   145147.217
   47   575218   140580   575587.022   140096.345
   48   573118   134117   573487.127   133633.236
   49   568570   139167   568939.007   138683.159
   50   564023   144218   564391.822   143733.983
   51   559475   149268   559843.608   148783.811
   52   554928   154319   555296.450   153834.687
   53   550380   159369   550748.286   158884.577
   54   545833   164420   546201.166   163935.307
   55   539185   163007   539553.242   162522.057
   56   543733   157956   544101.393   157471.259
   57   548280   152906   548648.489   152421.451
   58   552828   147855   553196.642   147370.527
   59   557375   142805   557743.842   142320.621
   60   561923   137754   562292.084   137269.919
   61   566470   132704   566839.218   132220.109
   62   559823   131291   560192.354   130806.904
   63   555275   136341   555644.153   135856.677
   64   550727   141392   551095.867   140907.425
   65   546180   146442   546548.665   145957.354
   66   541632   151493   542000.453   151008.260
   67   537085   156543   537453.341   156058.112
   68   532537   161594   532905.257   161108.946
   69   525890   160181   526258.249   159695.694
   70   530437   155130   530805.372   154644.891
   71   534985   150080   535353.481   149595.050
   72   539532   145029   539900.740   144544.214
   73   544080   139979   544449.015   139494.179
   74   548627   134928   548996.182   134443.402
   75   553175   129878   553544.535   129393.548
   76   557722   124827   558091.592   124342.889
   77   551075   123414   551444.690   122929.626
   78   546527   128465   546896.448   127980.430
   79   541980   133515   542349.270   133030.208
   80   537432   138566   537801.105   138081.126
   81   532885   143616   533253.773   143130.986
   82   528337   148667   528705.705   148181.825
   83   523790   153717   524158.568   153231.711
   84   519242   158768   519610.374   158282.568
   85   514695   163818   515063.352   163332.271
   86   508047   162405   508415.591   161919.069
   87   512594   157355   512962.628   156869.319
   88   517142   152304   517510.735   151818.401
   89   521689   147254   522057.881   146768.611
   90   526237   142203   526606.013   141717.813
   91   530784   137153   531153.191   136668.064
   92   535332   132102   535701.257   131617.106
   93   539880   127052   540249.348   126567.192
   94   544427   122001   544796.651   121516.332
   95   548975   116951   549344.658   116466.392
   96   546874   110487   547243.928   110002.579
   97   542327   115538   542696.764   115053.246
   98   537779   120588   538148.749   120103.280
   99   533232   125639   533601.577   125154.016
  100   528684   130689   529053.514   130203.952
  101   524137   135740   524506.342   135254.686
  102   519589   140790   519958.130   140304.543
  103   515042   145841   515411.142   145355.340
  104   510494   150891   510862.943   150405.183
  105   505947   155942   506315.855   155455.999
  106   501399   160992   501767.744   160505.781
  107   494752   159579   495120.872   159092.658
  108   499299   154529   499668.074   154042.766
  109   503847   149478   504216.118   148992.046
  110   508394   144428   508763.192   143942.175
  111   512942   139377   513311.358   138891.399
  112   517489   134327   517858.484   133841.645
  113   522037   129276   522406.653   128790.743
  114   526584   124226   526953.726   123740.870
  115   531132   119175   531501.856   118690.003
  116   535679   114124   536048.975   113639.272
  117   540227   109074   540597.096   108589.494
  118   544774   104023   545144.190   103538.582
  119   549322    98973   549692.358    98488.585
  120   547222    92509   547592.520    92024.562
  121   542674    97560   543044.430    97075.476
  122   538127   102610   538497.283   102125.392
  123   533579   107661   533949.133   107176.367
  124   529032   112711   529402.136   112226.042
  125   524484   117762   524853.873   117276.904
  126   519937   122813   520306.780   122327.713
  127   515389   127863   515758.651   127377.647
  128   510841   132914   511210.533   132428.490
  129   506294   137964   506663.471   137478.258
  130   501746   143015   502115.471   142529.045
  131   497199   148065   497568.335   147578.807
  132   492651   153116   493020.143   152629.643
  133   490551   146652   490920.548   146165.599
  134   495099   141602   495468.611   141115.853
  135   499646   136551   500015.831   136065.232
  136   504194   131501   504563.693   131015.428
  137   508741   126450   509110.767   125964.505
  138   513289   121400   513658.886   120914.701
  139   517836   116349   518205.944   115863.821
  140   522384   111298   522754.082   110813.108
  141   526931   106248   527301.167   105763.266
  142   531479   101197   531849.277   100712.328
  143   536027    96147   536397.409    95662.319
  144   540574    91096   540944.512    90611.395
  145   545122    86046   545492.548    85561.488
  146   549669    80995   550039.770    80510.627
  147   543021    79582   543391.785    79097.447
  148   538474    84633   538844.595    84148.360
  149   533926    89683   534296.533    89198.288
  150   529379    94734   529749.398    94249.237
  151   524831    99784   525201.294    99299.168
  152   520284   104835   520654.150   104350.116
  153   515736   109885   516106.055   109399.855
  154   511189   114936   511558.978   114450.727
  155   506641   119987   507010.951   119501.518
  156   502094   125037   502463.830   124551.338
  157   497546   130088   497915.821   129602.222
  158   492999   135138   493368.856   134652.052
  159   488451   140189   488820.809   139702.690
  160   483904   145239   484273.649   144752.513
  161   477256   143826   477625.684   143339.408
  162   481803   138776   482172.779   138289.532
  163   486351   133725   486720.884   133238.787
  164   490899   128675   491268.858   128189.025
  165   495446   123624   495815.973   123138.305
  166   499994   118574   500363.958   118088.363
  167   504541   113523   504911.096   113037.521
  168   509089   108472   509459.199   107986.666
  169   513636   103422   514006.267   102936.864
  170   518184    98371   518554.335    97886.058
  171   522731    93321   523101.463    92836.117
  172   527279    88270   527649.574    87785.200
  173   531826    83220   532196.604    82735.330
  174   536374    78169   536744.764    77684.377
  175   529726    76756   530096.849    76271.184
  176   525179    81807   525549.674    81322.185
  177   520631    86857   521001.652    86372.114
  178   516084    91908   516454.603    91423.049
  179   511536    96958   511906.482    96472.881
  180   506988   102009   507358.337   101523.732
  181   502441   107059   502811.280   106573.534
  182   497893   112110   498263.159   111624.441
  183   493346   117161   493716.062   116675.287
  184   488798   122211   489168.212   121725.034
  185   484251   127262   484621.090   126775.748
  186   479703   132312   480073.004   131825.673
  187   475156   137363   475525.892   136876.470
  188   470608   142413   470977.855   141926.255
  189   463961   141000   464331.021   140513.143
  190   468508   135950   468878.027   135463.342
  191   473056   130899   473426.056   130412.527
  192   477603   125849   477973.149   125362.574
  193   482151   120798   482521.294   120311.772
  194   486698   115748   487068.307   115261.925
  195   491246   110697   491616.314   110211.181
  196   495793   105646   496163.388   105160.348
  197   500341   100596   500711.476   100110.519
  198   504888    95545   505258.555    95059.737
  199   509436    90495   509806.648    90009.811
  200   513983    85444   514353.777    84959.004
  201   518531    80394   518901.816    79909.114
  202   523078    75343   523448.915    74858.006
  203   527626    70293   527997.073    69808.204
  204   525526    63829   525897.383    63344.088
  205   520978    68880   521349.245    68395.118
  206   516431    73930   516802.154    73445.033
  207   511883    78981   512254.047    78496.006
  208   507336    84031   507706.940    83545.841
  209   502788    89082   503158.734    88596.695
  210   498241    94132   498611.888    93646.614
  211   493693    99183   494063.652    98697.354
  212   489146   104233   489516.616   103747.072
  213   484598   109284   484968.461   108798.057
  214   480051   114335   480421.437   113848.850
  215   475503   119385   475873.377   118898.617
  216   470956   124436   471326.277   123949.652
  217   466408   129486   466778.154   128999.383
  218   461860   134537   462230.131   134050.242
  219   457313   139587   457683.121   139100.019
  220   450665   138174   451035.196   137686.857
  221   455213   133124   455583.212   132637.037
  222   459760   128073   460130.255   127586.233
  223   464308   123023   464678.306   122536.394
  224   468855   117972   469225.417   117485.493
  225   473403   112922   473773.496   112435.589
  226   477950   107871   478320.675   107384.875
  227   482498   102820   482868.753   102334.005
  228   487045    97770   487415.791    97284.222
  229   491593    92719   491963.837    92233.445
  230   496141    87669   496511.955    87183.542
  231   500688    82618   501059.077    82132.653
  232   505236    77568   505607.139    77082.864
  233   509783    72517   510154.269    72031.903
  234   514331    67467   514702.357    66981.957
  235   518878    62416   519249.370    61930.946
  236   523426    57366   523797.474    56880.944
  237   521326    50902   521697.588    50416.932
  238   516778    55953   517149.558    55467.894
  239   512231    61003   512602.558    60517.906
  240   507683    66054   508054.432    65568.846
  241   503135    71104   503506.379    70618.847
  242   498588    76155   498959.297    75669.965
  243   494040    81205   494411.104    80719.714
  244   489493    86256   489864.031    85770.495
  245   484945    91306   485315.949    90820.276
  246   480398    96357   480768.924    95871.008
  247   475850   101407   476220.898   100920.836
  248   471303   106458   471673.792   105971.654
  249   466755   111509   467125.634   111022.513
  250   462208   116559   462578.525   116072.380
  251   457660   121610   458030.446   121123.234
  252   453113   126660   453483.391   126173.030
  253   448565   131711   448935.359   131223.841
  254   444018   136761   444388.259   136273.647
  255   439470   141812   439840.215   141324.428
  256   428275   145449   428645.357   144961.064
  257   432822   140399   433192.375   139911.241
  258   437370   135348   437740.460   134860.462
  259   441917   130298   442287.484   129810.694
  260   446465   125247   446835.527   124759.866
  261   451013   120197   451383.606   119710.040
  262   455560   115146   455930.673   114659.228
  263   460108   110096   460478.774   109609.405
  264   464655   105045   465025.885   104558.560
  265   469203    99994   469573.977    99507.764
  266   473750    94944   474121.084    94457.927
  267   478298    89893   478669.120    89407.088
  268   482845    84843   483216.193    84357.320
  269   487393    79792   487764.245    79306.538
  270   491940    74742   492311.333    74256.672
  271   496488    69691   496859.394    69205.732
  272   501035    64641   501406.498    64155.744
  273   505583    59590   505954.559    59104.704
  274   510130    54540   510501.671    54054.813
  275   514678    49489   515049.686    49003.877
  276   519225    44438   519596.636    43952.897
  277   523773    39388   524144.583    38902.969
  278   517125    37975   517496.686    37489.979
  279   512578    43025   512949.723    42539.914
  280   508030    48076   508401.746    47590.832
  281   503483    53127   503854.696    52641.762
  282   498935    58177   499306.677    57691.453
  283   494388    63228   494759.650    62742.500
  284   489840    68278   490211.564    67792.699
  285   485293    73329   485664.463    72843.520
  286   480745    78379   481116.345    77893.392
  287   476198    83430   476569.243    82944.162
  288   471650    88480   472021.257    87993.957
  289   467103    93531   467474.248    93044.783
  290   462555    98581   462926.012    98094.609
  291   458007   103632   458377.876   103145.445
  292   453460   108683   453830.853   108196.287
  293   448912   113733   449282.771   113246.094
  294   444365   118784   444735.736   118296.953
  295   439817   123834   440187.737   123346.792
  296   435270   128885   435640.680   128397.581
  297   430722   133935   431092.642   133447.320
  298   426175   138986   426545.591   138498.136
  299   421627   144036   421997.645   143548.090
  300   417080   149087   417450.624   148598.752
  301   410432   147674   410802.873   147185.740
  302   414980   142623   415350.909   142134.937
  303   419527   137573   419897.915   137084.932
  304   424075   132522   424445.831   132034.236
  305   428622   127472   428992.831   126984.433
  306   433170   122421   433540.844   121933.643
  307   437717   117371   438087.870   116883.838
  308   442265   112320   442635.899   111832.994
  309   446812   107270   447182.925   106783.209
  310   451360   102219   451730.979   101732.339
  311   455907    97168   456278.057    96681.499
  312   460455    92118   460826.128    91631.636
  313   465002    87067   465373.272    86580.777
  314   469550    82017   469921.328    81530.986
  315   474097    76966   474468.419    76480.202
  316   478645    71916   479016.606    71430.322
  317   483192    66865   483563.680    66379.470
  318   487740    61815   488111.603    61329.318
  319   492288    56764   492659.801    56278.211
  320   496835    51714   497206.785    51228.419
  321   501383    46663   501754.861    46177.557
  322   505930    41612   506301.808    41126.767
  323   494735    45250   495106.924    44764.590
  324   490187    50301   490558.971    49815.366
  325   485640    55351   486011.941    54865.240
  326   481092    60402   481463.852    59916.362
  327   476545    65452   476916.750    64966.262
  328   471997    70503   472368.634    70017.170
  329   467450    75553   467821.445    75067.045
  330   462902    80604   463273.368    80117.851
  331   458355    85654   458726.294    85167.670
  332   453807    90705   454178.193    90218.548
  333   449260    95755   449631.126    95268.385
  334   444712   100806   445083.084   100319.249
  335   440165   105857   440536.083   105370.080
  336   435617   110907   435988.010   110419.899
  337   431070   115958   431440.912   115470.787
  338   426522   121008   426893.002   120520.453
  339   421974   126059   422345.066   125571.331
  340   417427   131109   417798.110   130621.063
  341   412879   136160   413250.129   135671.974
  342   408332   141210   408703.145   140721.862
  343   403784   146261   404155.154   145772.704
  344   401684   139797   402055.309   139308.796
  345   406232   134747   406603.304   134258.931
  346   410779   129696   411150.326   129208.000
  347   415327   124646   415698.286   124158.203
  348   419874   119595   420245.170   119107.373
  349   424422   114545   424793.162   114057.603
  350   428969   109494   429340.157   109006.864
  351   433517   104444   433888.234   103957.026
  352   438064    99393   438435.279    98906.155
  353   442612    94342   442983.281    93855.307
  354   447160    89292   447531.332    88805.415
  355   451707    84241   452078.382    83754.584
  356   456255    79191   456626.474    78704.778
  357   460802    74140   461173.488    73653.980
  358   465350    69090   465721.570    68604.085
  359   469897    64039   470268.719    63553.086
  360   474445    58989   474816.878    58503.212
  361   478992    53938   479364.028    53452.299
  362   483540    48888   483912.089    48402.379
  363   488087    43837   488459.113    43351.501
  364   472345    52525   472716.990    52039.229
  365   467797    57576   468168.668    57090.204
  366   463249    62626   463620.643    62140.168
  367   458702    67677   459073.659    67191.054
  368   454154    72727   454525.580    72240.945
  369   449607    77778   449978.585    77291.827
  370   445059    82828   445430.469    82341.515
  371   440512    87879   440883.504    87392.275
  372   435964    92929   436335.399    92442.252
  373   431417    97980   431788.365    97493.095
  374   426869   103031   427240.344   102543.926
  375   422322   108081   422693.423   107593.697
  376   417774   113132   418145.394   112644.625
  377   413227   118182   413598.367   117694.310
  378   408679   123233   409050.518   122745.127
  379   404132   128283   404503.382   127794.888
  380   399584   133334   399955.468   132845.785
  381   395037   138384   395408.377   137895.642
  382   388389   136971   388760.415   136482.506
  383   392936   131921   393307.583   131432.675
  384   397484   126870   397855.576   126381.822
  385   402031   121820   402402.522   121332.062
  386   406579   116769   406950.623   116281.154
  387   411127   111719   411498.482   111231.549
  388   415674   106668   416045.675   106180.602
  389   420222   101618   420593.649   101130.769
  390   424769    96567   425140.501    96079.988
  391   429317    91516   429688.514    91029.186
  392   433864    86466   434235.504    85979.242
  393   438412    81415   438783.602    80928.398
  394   442959    76365   443330.605    75878.685
  395   447507    71314   447878.634    70827.826
  396   452054    66264   452425.698    65777.922
  397   456602    61213   456973.748    60727.082
  398   461149    56163   461520.760    55677.168
  399   465697    51112   466068.837    50626.170
  400   459049    49699   459420.786    49213.145
  401   454502    54750   454873.777    54264.079
  402   449954    59800   450325.796    59313.945
  403   445407    64851   445778.680    64364.891
  404   440859    69901   441230.688    69414.729
  405   436312    74952   436683.758    74465.529
  406   431764    80002   432135.775    79515.381
  407   427217    85053   427588.750    84566.294
  408   422669    90103   423040.729    89616.167
  409   418121    95154   418492.742    94666.985
  410   413574   100205   413945.815    99717.720
  411   409026   105255   409397.686   104767.595
  412   404479   110306   404850.540   109818.474
  413   399931   115356   400302.612   114868.187
  414   395384   120407   395755.591   119918.926
  415   390836   125457   391207.611   124968.670
  416   386289   130508   386660.518   130019.581
  417   384189   124044   384560.662   123555.702
  418   388736   118994   389107.764   118505.862
  419   393284   113943   393655.774   113454.982
  420   397831   108893   398202.704   108405.364
  421   402379   103842   402750.747   103354.541
  422   406926    98792   407297.858    98304.714
  423   411474    93741   411845.950    93253.938
  424   416021    88690   416392.918    88203.118
  425   420569    83640   420940.929    83153.253
  426   425116    78589   425487.987    78102.489
  427   429664    73539   430036.023    73052.565
  428   434211    68488   434582.882    68001.665
  429   438759    63438   439130.876    62951.820
  430   443307    58387   443678.859    57900.854
  431   447854    53337   448225.888    52850.950
  432   452402    48286   452773.905    47800.078
  433   445754    46873   446126.040    46387.040
  434   441206    51924   441577.956    51437.829
  435   436659    56974   437030.985    56487.804
  436   432111    62025   432483.105    61538.643
  437   427564    67075   427936.168    66588.581
  438   423016    72126   423388.146    71639.560
  439   418469    77176   418841.100    76689.395
  440   413921    82227   414293.043    81740.145
  441   409374    87277   409746.085    86789.956
  442   404826    92328   405198.065    91840.858
  443   400279    97378   400650.903    96890.639
  444   395731   102429   396102.838   101941.483
  445   391184   107480   391555.916   106992.288
  446   389083   101016   389455.049   100528.485
  447   393631    95965   394002.991    95477.553
  448   398178    90915   398550.087    90427.708
  449   402726    85864   403098.142    85376.803
  450   407274    80814   407646.198    80326.986
  451   411821    75763   412193.176    75276.191
  452   416369    70713   416741.196    70226.398
  453   420916    65662   421288.234    65175.526
  454   425464    60612   425836.264    60125.651
  455   430011    55561   430383.179    55074.737
  456   434559    50511   434931.114    50024.797
  457   439106    45460   439478.150    44973.840
  458   432459    44047   432831.297    43560.799
  459   427911    49098   428283.316    48611.726
  460   423364    54148   423736.336    53661.603
  461   418816    59199   419188.308    58712.527
  462   414268    64249   414640.311    63762.394
  463   409721    69300   410093.317    68813.245
  464   405173    74350   405545.389    73863.074
  465   400626    79401   400998.388    78913.857
  466   396078    84451   396450.403    83963.845
  467   412168    57786   412540.396    57299.450
  468   416716    52735   417088.401    52248.555
  469   421263    47685   421635.433    47198.657
  470   425811    42634   426183.441    42147.731
  471   419163    41221   419535.518    40734.667
  472   414616    46272   414988.525    45785.557
  473   410068    51322   410440.485    50835.434
  474   407968    44859   408340.592    44372.438
  475   412516    39808   412888.598    39321.522
  476   405868    38395   406240.695    37908.510
  477   401320    43446   401692.703    42959.371
  478   394673    42033   395045.786    41546.312
  479   399220    36982   399592.853    36495.414
   A1   598667   193702   599034.190   193219.438
   A2   603214   188651   603581.335   188168.645
   A3   601114   182187   601481.730   181704.500
   A4   605662   177137   606029.979   176654.578
   A5   610209   172086   610577.189   171603.668
   A6   608109   165623   608477.386   165140.565
   A7   612657   160572   613025.613   160089.646
   A8   617204   155522   617572.839   155039.704
   A9   621752   150471   622120.984   149988.786
  A10   615104   149058   615472.963   148575.595
  A11   608456   147645   608824.934   147162.457
  A12   601809   146232   602177.940   145749.400
  A13   599709   139769   600078.299   139286.290
  A14   593061   138356   593430.263   137872.944
  A15   586413   136943   586782.260   136459.684
  A16   579766   135530   580135.114   135046.366
  A17   577665   129066   578034.221   128582.291
  A18   571018   127653   571387.263   127169.213
  A19   564370   126240   564739.470   125756.092
  A20   562270   119777   562639.708   119293.096
  A21   555622   118364   555991.817   117879.690
  A22   553522   111900   553891.821   111415.685
  A23   551422   105436   551792.210   104951.584
  A24   555970   100386   556340.234    99901.690
  A25   553869    93922   554239.456    93437.780
  A26   551769    87459   552139.633    86974.697
  A27   556317    82408   556687.788    81923.786
  A28   554217    75945   554587.905    75460.713
  A29   547569    74532   547939.929    74047.544
  A30   540921    73119   541291.872    72634.442
  A31   534274    71706   534645.020    71221.353
  A32   532174    65242   532545.282    64757.266
  A33   530073    58779   530444.523    58294.090
  A34   527973    52315   528344.554    51830.005
  A35   525873    45851   526244.583    45365.946
  A36   530421    40801   530792.498    40315.972
  A37   528321    34337   528692.535    33852.058
  A38   521673    32924   522044.630    32439.064
  A39   515025    31511   515396.724    31026.069
  A40   510478    36562   510849.738    36076.975
  A41   503830    35149   504202.004    34663.853
  A42   499282    40199   499653.912    39713.613
  A43   492635    38786   493007.044    38300.640
  A44   485987    37373   486359.229    36887.593
  A45   481440    42424   481812.255    41938.454
  A46   476892    47475   477264.193    46989.303
  A47   470244    46062   470616.006    45576.206
  A48   463597    44649   463968.898    44163.299
  A49   456949    43236   457320.962    42750.221
  A50   450301    41823   450673.100    41337.078
  A51   443654    40410   444026.244    39923.948
  A52   437006    38997   437378.298    38510.871
  A53   430358    37584   430730.403    37097.844
  A54   423711    36170   424083.528    35683.749
  A55   417063    34757   417435.624    34270.649
  A56   410415    33344   410787.683    32857.565
  A57   403768    31931   404140.806    31444.548
  A58   397120    30518   397492.938    30031.457
  A59   392573    35569   392945.920    35082.309
  A60   388025    40620   388397.880    40133.223
  A61   390125    47083   390497.787    46596.170
  A62   396773    48496   397145.694    48009.210
  A63   403421    49909   403793.591    49422.292
  A64   405521    56373   405893.485    55886.321
  A65   407621    62836   407993.448    62349.315
  A66   403073    67887   403445.549    67400.192
  A67   398526    72937   398898.585    72449.958
  A68   393978    77988   394350.557    77500.750
  A69   389431    83038   389803.429    82550.655
  A70   391531    89502   391903.301    89014.545
  A71   386983    94552   387355.218    94064.470
  A72   382436    99603   382808.226    99115.306
  A73   384536   106067   384908.099   105579.226
  A74   386636   112530   387007.964   112042.034
  A75   382088   117581   382459.908   117092.811
  A76   377541   122631   377913.042   122142.634
  A77   379641   129095   380012.805   128606.456
  A78   381741   135558   382112.541   135069.450
  A79   383841   142022   384212.404   141533.385
  A80   390489   143435   390860.305   142946.521
  A81   397137   144848   397508.471   144359.578
  A82   399237   151311   399608.173   150822.363
  A83   405884   152724   406254.920   152235.480
  A84   412532   154137   412902.704   153648.576
  A85   419180   155550   419550.455   155061.657
  A86   423727   150500   424097.419   150011.832
  A87   430375   151913   430745.189   151424.926
  A88   434923   146862   435293.174   146374.180
  A89   441570   148275   441939.975   147787.438
  A90   446118   143225   446488.089   142737.669
  A91   452765   144638   453135.028   144150.872
  A92   459413   146051   459782.953   145563.984
  A93   466061   147464   466430.820   146977.072
  A94   472708   148877   473077.663   148390.198
  A95   479356   150290   479725.537   149803.409
  A96   486004   151703   486373.317   151216.468
  A97   488104   158166   488473.033   157679.403
  A98   490204   164630   490572.730   164143.362
  A99   496852   166043   497220.564   165556.594
 A100   503499   167456   503867.582   166969.854
 A101   510147   168869   510515.394   168382.991
 A102   516795   170282   517163.080   169796.173
 A103   521342   165231   521710.125   164745.504
 A104   527990   166644   528358.049   166158.796
 A105   534637   168057   535005.036   167572.033
 A106   541285   169470   541653.025   168985.119
 A107   547933   170883   548300.941   170398.309
 A108   554580   172296   554947.787   171811.611
 A109   561228   173709   561595.677   173224.940
 A110   567876   175122   568243.683   174638.276
 A111   574523   176535   574890.756   176051.586
 A112   576624   182999   576991.544   182515.639
 A113   578724   189463   579091.321   188979.623
 A114   585371   190876   585738.262   190392.860
 A115   592019   192289   592386.251   191806.150
   B1   595924   200887   596290.831   200404.284
   B2   603628   199547   603994.858   199064.636
   B3   608861   193735   609228.078   193252.899
   B4   610293   184138   610660.721   183655.850
   B5   615856   177171   616224.091   176688.902
   B6   617288   167574   617656.436   167091.869
   B7   622851   160606   623219.730   160123.966
   B8   629785   152905   630154.025   152423.088
   B9   626820   143780   627189.178   143297.912
  B10   616684   141626   617053.148   141143.654
  B11   608088   139259   608457.195   138776.438
  B12   603415   132788   603784.556   132305.392
  B13   594641   130923   595010.520   130439.908
  B14   586044   128556   586413.424   128072.498
  B15   579187   121621   579556.440   121137.492
  B16   570553   117085   570922.653   116601.349
  B17   563984   108501   564354.081   108017.023
  B18   564253    97695   564623.309    97210.964
  B19   562789    88236   563159.591    87751.935
  B20   563283    77828   563653.892    77343.948
  B21   557996    68980   558367.092    68495.773
  B22   549149    67099   549520.055    66614.575
  B23   540553    64732   540924.207    64247.479
  B24   537300    56431   537671.523    55946.308
  B25   535052    47802   535423.546    47317.073
  B26   538758    41872   539129.559    41387.109
  B27   536597    35221   536968.505    34736.085
  B28   533151    27596   533522.514    27111.122
  B29   523253    25492   523624.630    25007.135
  B30   513355    23388   513726.747    22903.131
  B31   505410    27717   505782.090    27232.010
  B32   496383    31275   496755.111    30789.807
  B33   487567    29941   487939.218    29455.766
  B34   479537    33182   479909.386    32696.549
  B35   472055    37542   472427.143    37056.157
  B36   461853    36510   462225.043    36024.428
  B37   451881    34390   452253.246    33904.179
  B38   441910    32271   442282.369    31785.032
  B39   431938    30151   432310.501    29664.930
  B40   421967    28032   422339.673    27545.793
  B41   411995    25912   412367.762    25425.696
  B42   403745    24159   404117.894    23672.641
  B43   393697    22965   394070.052    22478.530
  B44   386926    30485   387299.059    29998.318
  B45   380155    38005   380528.032    37518.135
  B46   382393    47873   382765.873    47386.046
  B47   388377    55310   388749.777    54823.077
  B48   395059    59772   395431.651    59285.125
  B49   392276    67310   392648.798    66822.958
  B50   386497    73728   386869.711    73240.674
  B51   380718    80146   381090.648    79658.436
  B52   380718    88593   381090.462    88105.396
  B53   373968    97803   374340.419    97315.196
  B54   376253   108758   376625.315   108269.976
  B55   372698   116654   373070.249   116165.676
  B56   370314   124979   370686.186   124490.373
  B57   372563   133607   372934.888   133118.174
  B58   375462   142532   375833.579   142043.105
  B59   382262   149454   382633.279   148965.333
  B60   390858   151821   391229.189   151332.393
  B61   397657   158744   398028.115   158255.108
  B62   407629   160863   407999.736   160374.230
  B63   416437   162735   416807.408   162246.384
  B64   426627   159424   426997.196   158935.625
  B65   437822   155787   438191.878   155299.113
  B66   449017   152149   449386.818   151661.712
  B67   457833   153483   458202.761   152995.870
  B68   467805   155603   468174.588   155115.964
  B69   477545   158809   477914.223   158322.106
  B70   482606   165836   482974.886   165349.100
  B71   488624   172062   488992.553   171575.243
  B72   498596   174182   498964.334   173695.574
  B73   508567   176301   508935.096   175814.774
  B74   518467   178406   518834.776   177920.137
  B75   526179   175164   526546.740   174678.650
  B76   536382   176196   536749.849   175710.988
  B77   546353   178316   546720.640   177831.190
  B78   556325   180435   556692.418   179950.630
  B79   566065   183642   566432.379   183158.247
  B80   571126   190668   571493.313   190184.367
  B81   577144   196895   577511.068   196411.621
  B82   587115   199014   587481.949   198530.951
   C1   601369   211508   601735.475   211025.544
   C2   614902   204436   615268.911   203954.121
   C3   620850   190619   621217.557   190137.235
   C4   627129   178853   627497.095   178371.347
   C5   631547   167981   631915.563   167499.261
   C6   640463   158079   640831.868   157597.424
   C7   639142   144821   639511.219   144339.342
   C8   632417   133318   632786.501   132836.076
   C9   619384   130548   619753.553   130065.696
  C10   610082   122553   610451.798   122070.327
  C11   597366   119851   597735.869   119367.962
  C12   587291   113607   587660.870   113123.700
  C13   578078   108164   578447.979   107680.492
  C14   575647    97978   576017.359    97494.325
  C15   574284    86457   574654.640    85973.166
  C16   574830    74934   575200.886    74450.157
  C17   569279    65641   569650.081    65157.053
  C18   561533    58080   561904.358    57595.981
  C19   551086    57987   551457.363    57502.751
  C20   546630    47898   547001.534    47413.495
  C21   548517    35025   548888.536    34540.243
  C22   543537    22902   543908.608    22417.251
  C23   530571    15396   530942.771    14911.404
  C24   518612    12854   518983.961    12369.328
  C25   506089    14367   506461.170    13882.180
  C26   495056    19547   495428.289    19062.054
  C27   481180    20228   481552.378    19742.767
  C28   468419    25719   468791.251    25233.152
  C29   454251    23242   454623.381    22756.401
  C30   439294    20062   439666.571    19576.184
  C31   424336    16883   424708.777    16396.980
  C32   409379    13704   409752.002    13217.820
  C33   395042    11647   395415.212    11160.649
  C34   382993    17819   383366.267    17332.401
  C35   373919    27897   374292.228    27410.155
  C36   369040    40525   369413.175    40038.087
  C37   373513    55019   373885.975    54531.957
  C38   382815    63750   383187.790    63262.928
  C39   372907    71787   373279.857    71299.496
  C40   369215    84388   369587.707    83900.140
  C41   361785    95214   362157.810    94725.947
  C42   364339   107458   364711.610   106969.762
  C43   359418   121629   359790.469   121140.288
  C44   361533   136481   361904.979   135991.993
  C45   367331   150518   367702.494   150029.004
  C46   379236   160443   379607.211   159954.020
  C47   389526   166730   389896.967   166241.030
  C48   405259   172012   405629.623   171522.870
  C49   421517   173069   421887.119   172580.109
  C50   435747   168445   436116.710   167956.763
  C51   449977   163822   450346.499   163334.450
  C52   460449   165691   460818.402   165203.634
  C53   470462   168477   470831.108   167989.757
  C54   477420   176870   477788.616   176382.783
  C55   488493   183686   488861.142   183199.048
  C56   501212   186390   501579.776   185903.362
  C57   514526   189220   514893.446   188733.782
  C58   529275   186933   529642.497   186447.662
  C59   543983   189464   544350.253   188979.164
  C60   558450   193134   558817.019   192649.919
  C61   568948   204816   569314.698   204332.440
  C62   584746   210163   585112.539   209679.895
   D1   614744   223809   615110.280   223327.143
   D2   630605   211196   630971.893   210714.676
   D3   639072   192785   639439.622   192303.831
   D4   648389   174826   648757.306   174344.977
   D5   657475   156385   657843.970   155904.108
   D6   655785   139413   656154.477   138931.864
   D7   647176   124689   647545.948   124207.529
   D8   630330   115396   630700.134   114913.953
   D9   613637   105831   614007.318   105348.482
  D10   595988    98888   596358.299    98405.021
  D11   591496    84421   591866.617    83937.861
  D12   589507    66165   589878.112    65681.571
  D13   578360    50615   578731.450    50131.316
  D14   561629    41336   562000.622    40851.966
  D15   561841    22466   562213.009    21981.976
  D16   552102     8106   552473.942     7621.601
  D17   532321    -1711   532693.119    -2195.412
  D18   510299    -3362   510671.428    -3846.502
  D19   490846     2637   491218.585     2152.185
  D20   470719     6118   471091.505     5632.404
  D21   450327     4929   450699.689     4443.375
  D22   427891      161   428263.983     -324.689
  D23   404638    -4248   405011.330    -4734.006
  D24   381222     -483   381595.524     -969.408
  D25   365751    11419   366124.541    10932.343
  D26   355532    28049   355905.479    27562.093
  D27   352704    45567   353077.358    45079.769
  D28   357870    62306   358243.089    61818.508
  D29   351951    79329   352324.127    78841.007
  D30   343559    91559   343932.271    91070.530
  D31   346637   106318   347009.996   105829.394
  D32   342704   125526   343076.675   125037.019
  D33   346460   144770   346832.155   144280.690
  D34   356384   163650   356755.505   163160.541
  D35   373190   176784   373561.004   176294.560
  D36   391952   185579   392322.569   185089.622
  D37   412278   189601   412648.036   189111.713
  D38   429832   188343   430201.533   187854.126
  D39   446570   182905   446939.152   182416.931
  D40   464258   187780   464626.654   187292.357
  D41   478688   197727   479055.884   197239.415
  D42   497657   203113   498024.271   202626.104
  D43   517146   206114   517512.890   205627.921
  D44   533729   205047   534095.763   204561.800
  D45   551611   211100   551977.388   210615.751
  D46   571366   223683   571731.956   223199.616
  D47   591678   227876   592043.988   227393.386
   E1   646567   231267   646933.271   230786.335
   E2   662116   204053   662483.334   203572.686
   E3   677530   173704   677898.490   173223.973
   E4   681776   141617   682145.571   141136.907
   E5   669314   111746   669684.480   111265.303
   E6   642899    93042   643269.708    92560.457
   E7   616829    79529   617199.927    79046.658
   E8   608895    49195   609266.473    48712.299
   E9   587443    26328   587814.943    25844.686
  E10   575723    -2753   576095.588    -3236.407
  E11   550467   -21334   550839.852   -21817.780
  E12   519910   -28358   520282.831   -28842.516
  E13   492951   -24849   493323.795   -25333.997
  E14   466231   -19832   466603.852   -20317.378
  E15   437710   -23970   438083.222   -24455.577
  E16   409415   -29443   409788.629   -29928.689
  E17   380697   -26202   381070.920   -26687.923
  E18   355115   -12754   355489.041   -13240.445
  E19   339051     5887   339425.050     5400.034
  E20   329474    28555   329847.896    28067.566
  E21   328200    53130   328573.789    52642.107
  E22   322414    77048   322787.696    76559.550
  E23   320451   106366   320824.419   105876.899
  E24   318271   134213   318643.997   133723.357
  E25   326042   161043   326414.381   160553.031
  E26   340593   183856   340964.686   183365.777
  E27   362306   200004   362676.893   199513.753
  E28   386974   210735   387344.068   210244.928
  E29   414111   215179   414480.319   214689.381
  E30   438406   212521   438774.655   212032.161
  E31   464135   218842   464502.751   218353.827
  E32   489217   227374   489583.658   226886.557
  E33   512219   231302   512585.016   230815.755
  E34   535510   232724   535875.728   232239.019
  E35   557589   245313   557954.200   244829.083
  E36   586494   252991   586859.072   252508.304
  E37   619198   249063   619563.419   248581.464
   F1   688131   236061   688497.131   235581.651
   F2   707812   199028   708179.485   198549.162
   F3   718352   158437   718720.846   157958.295
   F4   711047   111872   711417.248   111392.851
   F5   678335    71000   678706.301    70519.632
   F6   646847    40365   647218.801    39883.571
   F7   620428     5266   620800.455     4783.908
   F8   597580   -34429   597953.168   -34911.572
   F9   558750   -58900   559123.474   -59383.442
  F10   512253   -66152   512626.453   -66636.293
  F11   465422   -58819   465795.503   -59304.014
  F12   421199   -66343   421572.918   -66828.410
  F13   377355   -64536   377729.431   -65021.870
  F14   339514   -48011   339888.894   -48497.391
  F15   311522   -21093   311897.174   -21580.020
  F16   294040    13584   294415.048    13096.177
  F17   289114    51104   289488.634    50615.474
  F18   283097    88464   283471.236    87974.673
  F19   280295   126202   280668.774   125711.835
  F20   286703   163491   287076.072   163000.101
  F21   303581   197360   303953.090   196868.648
  F22   330310   224147   330680.977   223655.616
  F23   363434   242444   363803.703   241952.915
  F24   400085   251862   400453.483   251371.613
  F25   435832   251499   436199.615   251009.529
  F26   468187   259504   468553.479   259015.507
  F27   500543   267510   500908.104   267023.227
  F28   532898   275515   533262.385   275029.705
  F29   572742   289139   573105.835   288655.423
  F30   614842   288330   615205.957   287848.118
  F31   657481   270054   657845.765   269573.643
   G1   751872   239074   752237.388   238595.764
   G2   773463   175776   773830.426   175298.509
   G3   769009   109045   769378.469   108567.389
   G4   736094    50826   736465.203    50347.472
   G5   690272     2111   690644.596     1631.241
   G6   651082   -57142   651455.871   -57622.738
   G7   596884  -103070   597258.146  -103551.874
   G8   532561  -121383   532935.560  -121866.032
   G9   465808  -117282   466182.865  -117766.179
  G10   399190  -123185   399565.543  -123670.130
  G11   333935  -108536   334311.140  -109022.165
  G12   279218   -70079   279594.465   -70566.325
  G13   245327   -17964   245703.249   -18452.569
  G14   233858    43029   234233.560    42539.336
  G15   225188    89134   225562.965    88643.424
  G16   229702   134896   230076.102   134404.711
  G17   235060   189225   235432.995   188732.819
  G18   262737   238116   263108.467   237623.373
  G19   302412   274654   302781.772   274161.331
  G20   349074   298328   349442.157   297835.887
  G21   400642   306749   401008.634   306258.137
  G22   454329   315516   454694.089   315026.906
  G23   516851   330085   517214.628   329598.058
  G24   587571   346564   587933.413   346079.697
  G25   658818   332258   659180.585   331776.375
  G26   713633   293942   713996.687   293462.372
   H1   839106   251424   839469.689   250946.343
   H2   858234   146232   858600.315   145755.679
   H3   827894    37340   828263.388    36863.709
   H4   758382   -51802   758754.179   -52279.435
   H5   687421  -139794   687795.824  -140272.507
   H6   584398  -196614   584774.972  -197094.485
   H7   466981  -204068   467359.126  -204551.116
   H8   347604  -200309   347983.214  -200794.815
   H9   249526  -154999   249905.225  -155487.480
  H10   178346   -73723   178724.176   -74213.965
  H11   146933    26684   147309.262    26191.189
  H12   136627   144087   137000.652   143592.531
  H13   159741   231862   160112.266   231367.002
  H14   204105   301781   204474.002   301286.217
  H15   287106   363941   287472.406   363447.517
  H16   386232   394993   386596.354   394501.697
  H17   497010   415232   497372.480   414743.496
  H18   604610   431421   604970.939   430935.338
  H19   708403   403196   708763.730   402713.477
  H20   787577   339214   787938.764   338734.217
